ensaio 1:
Iterações -> 82~83

Input: 0.8421; 0.1917; 0.5722; 0.2577; 0.6196; 0.6276; 0.5738; 0.283; 0.5931; 0.372; 0.4553; 0.9707; 0.5613;  Output: 0.9908; 0.0138; 0.0053; Desired output: 1; 0; 0;  Error: -0.0092; 0.0138; 0.0053; 
Input: 0.5711; 0.2055; 0.4171; 0.0309; 0.3261; 0.5759; 0.5105; 0.2453; 0.2744; 0.2645; 0.4634; 0.7802; 0.5506;  Output: 0.9658; 0.0742; 0.0038; Desired output: 1; 0; 0;  Error: -0.0342; 0.0742; 0.0038; 
Input: 0.5605; 0.3202; 0.7005; 0.4124; 0.337; 0.6276; 0.6118; 0.3208; 0.7571; 0.3754; 0.4472; 0.696; 0.6469;  Output: 0.9769; 0.0232; 0.0067; Desired output: 1; 0; 0;  Error: -0.0231; 0.0232; 0.0067; 
Input: 0.8789; 0.2391; 0.6096; 0.3196; 0.4674; 0.9897; 0.6646; 0.2075; 0.5584; 0.5563; 0.3089; 0.7985; 0.8573;  Output: 0.9979; 0.0018; 0.0092; Desired output: 1; 0; 0;  Error: -0.0021; 0.0018; 0.0092; 
Input: 0.5816; 0.3656; 0.8075; 0.5361; 0.5217; 0.6276; 0.4958; 0.4906; 0.4448; 0.2594; 0.4553; 0.6081; 0.326;  Output: 0.6611; 0.1631; 0.0158; Desired output: 1; 0; 0;  Error: -0.3389; 0.1631; 0.0158; 
Total Mean Square Error: 0.007937049137657918


ensaio 2:
Iterações -> 42~43

Input: 0.8421; 0.1917; 0.5722; 0.2577; 0.6196; 0.6276; 0.5738; 0.283; 0.5931; 0.372; 0.4553; 0.9707; 0.5613;  Output: 0.9922; 0.0193; 0.0012; Desired output: 1; 0; 0;  Error: -0.0078; 0.0193; 0.0012; 
Input: 0.5711; 0.2055; 0.4171; 0.0309; 0.3261; 0.5759; 0.5105; 0.2453; 0.2744; 0.2645; 0.4634; 0.7802; 0.5506;  Output: 0.945; 0.1553; 0.0009; Desired output: 1; 0; 0;  Error: -0.055; 0.1553; 0.0009; 
Input: 0.5605; 0.3202; 0.7005; 0.4124; 0.337; 0.6276; 0.6118; 0.3208; 0.7571; 0.3754; 0.4472; 0.696; 0.6469;  Output: 0.9625; 0.0271; 0.0044; Desired output: 1; 0; 0;  Error: -0.0375; 0.0271; 0.0044; 
Input: 0.8789; 0.2391; 0.6096; 0.3196; 0.4674; 0.9897; 0.6646; 0.2075; 0.5584; 0.5563; 0.3089; 0.7985; 0.8573;  Output: 0.9979; 0.0023; 0.0031; Desired output: 1; 0; 0;  Error: -0.0021; 0.0023; 0.0031; 
Input: 0.5816; 0.3656; 0.8075; 0.5361; 0.5217; 0.6276; 0.4958; 0.4906; 0.4448; 0.2594; 0.4553; 0.6081; 0.326;  Output: 0.5116; 0.127; 0.0199; Desired output: 1; 0; 0;  Error: -0.4884; 0.127; 0.0199; 
Total Mean Square Error: 0.019046424772191258


ensaio 3:
Iterações -> 140

Input: 0.8421; 0.1917; 0.5722; 0.2577; 0.6196; 0.6276; 0.5738; 0.283; 0.5931; 0.372; 0.4553; 0.9707; 0.5613;  Output: 0.9929; 0.0075; 0.0083; Desired output: 1; 0; 0;  Error: -0.0071; 0.0075; 0.0083; 
Input: 0.5711; 0.2055; 0.4171; 0.0309; 0.3261; 0.5759; 0.5105; 0.2453; 0.2744; 0.2645; 0.4634; 0.7802; 0.5506;  Output: 0.9715; 0.0485; 0.0046; Desired output: 1; 0; 0;  Error: -0.0285; 0.0485; 0.0046; 
Input: 0.5605; 0.3202; 0.7005; 0.4124; 0.337; 0.6276; 0.6118; 0.3208; 0.7571; 0.3754; 0.4472; 0.696; 0.6469;  Output: 0.9788; 0.0165; 0.0097; Desired output: 1; 0; 0;  Error: -0.0212; 0.0165; 0.0097; 
Input: 0.8789; 0.2391; 0.6096; 0.3196; 0.4674; 0.9897; 0.6646; 0.2075; 0.5584; 0.5563; 0.3089; 0.7985; 0.8573;  Output: 0.998; 0.0008; 0.0229; Desired output: 1; 0; 0;  Error: -0.002; 0.0008; 0.0229; 
Input: 0.5816; 0.3656; 0.8075; 0.5361; 0.5217; 0.6276; 0.4958; 0.4906; 0.4448; 0.2594; 0.4553; 0.6081; 0.326;  Output: 0.6816; 0.1221; 0.0218; Desired output: 1; 0; 0;  Error: -0.3184; 0.1221; 0.0218; 
Total Mean Square Error: 0.006690374949628174


ensaio 4:
Iterações -> 78~79

Input: 0.8421; 0.1917; 0.5722; 0.2577; 0.6196; 0.6276; 0.5738; 0.283; 0.5931; 0.372; 0.4553; 0.9707; 0.5613;  Output: 0.9827; 0.0164; 0.0226; Desired output: 1; 0; 0;  Error: -0.0173; 0.0164; 0.0226; 
Input: 0.5711; 0.2055; 0.4171; 0.0309; 0.3261; 0.5759; 0.5105; 0.2453; 0.2744; 0.2645; 0.4634; 0.7802; 0.5506;  Output: 0.9533; 0.0772; 0.0125; Desired output: 1; 0; 0;  Error: -0.0467; 0.0772; 0.0125; 
Input: 0.5605; 0.3202; 0.7005; 0.4124; 0.337; 0.6276; 0.6118; 0.3208; 0.7571; 0.3754; 0.4472; 0.696; 0.6469;  Output: 0.966; 0.0239; 0.0288; Desired output: 1; 0; 0;  Error: -0.034; 0.0239; 0.0288; 
Input: 0.8789; 0.2391; 0.6096; 0.3196; 0.4674; 0.9897; 0.6646; 0.2075; 0.5584; 0.5563; 0.3089; 0.7985; 0.8573;  Output: 0.9921; 0.0054; 0.0317; Desired output: 1; 0; 0;  Error: -0.0079; 0.0054; 0.0317; 
Input: 0.5816; 0.3656; 0.8075; 0.5361; 0.5217; 0.6276; 0.4958; 0.4906; 0.4448; 0.2594; 0.4553; 0.6081; 0.326;  Output: 0.666; 0.1714; 0.0351; Desired output: 1; 0; 0;  Error: -0.334; 0.1714; 0.0351; 
Total Mean Square Error: 0.007750410404200391


ensaio 5:
Iterações -> 51.0~51.5

Input: 0.8421; 0.1917; 0.5722; 0.2577; 0.6196; 0.6276; 0.5738; 0.283; 0.5931; 0.372; 0.4553; 0.9707; 0.5613;  Output: 0.9816; 0.0176; 0.0146; Desired output: 1; 0; 0;  Error: -0.0184; 0.0176; 0.0146; 
Input: 0.5711; 0.2055; 0.4171; 0.0309; 0.3261; 0.5759; 0.5105; 0.2453; 0.2744; 0.2645; 0.4634; 0.7802; 0.5506;  Output: 0.9374; 0.0937; 0.006; Desired output: 1; 0; 0;  Error: -0.0626; 0.0937; 0.006; 
Input: 0.5605; 0.3202; 0.7005; 0.4124; 0.337; 0.6276; 0.6118; 0.3208; 0.7571; 0.3754; 0.4472; 0.696; 0.6469;  Output: 0.9708; 0.0206; 0.0212; Desired output: 1; 0; 0;  Error: -0.0292; 0.0206; 0.0212; 
Input: 0.8789; 0.2391; 0.6096; 0.3196; 0.4674; 0.9897; 0.6646; 0.2075; 0.5584; 0.5563; 0.3089; 0.7985; 0.8573;  Output: 0.9901; 0.0057; 0.0271; Desired output: 1; 0; 0;  Error: -0.0099; 0.0057; 0.0271; 
Input: 0.5816; 0.3656; 0.8075; 0.5361; 0.5217; 0.6276; 0.4958; 0.4906; 0.4448; 0.2594; 0.4553; 0.6081; 0.326;  Output: 0.5756; 0.1617; 0.0544; Desired output: 1; 0; 0;  Error: -0.4244; 0.1617; 0.0544; 
Total Mean Square Error: 0.01140599156169637

ensaio 6:
Iterações -> 87~88

Input: 0.8421; 0.1917; 0.5722; 0.2577; 0.6196; 0.6276; 0.5738; 0.283; 0.5931; 0.372; 0.4553; 0.9707; 0.5613;  Output: 0.9772; 0.0385; 0.005; Desired output: 1; 0; 0;  Error: -0.0228; 0.0385; 0.005; 
Input: 0.5711; 0.2055; 0.4171; 0.0309; 0.3261; 0.5759; 0.5105; 0.2453; 0.2744; 0.2645; 0.4634; 0.7802; 0.5506;  Output: 0.9647; 0.0576; 0.0055; Desired output: 1; 0; 0;  Error: -0.0353; 0.0576; 0.0055; 
Input: 0.5605; 0.3202; 0.7005; 0.4124; 0.337; 0.6276; 0.6118; 0.3208; 0.7571; 0.3754; 0.4472; 0.696; 0.6469;  Output: 0.9612; 0.0544; 0.0064; Desired output: 1; 0; 0;  Error: -0.0388; 0.0544; 0.0064; 
Input: 0.8789; 0.2391; 0.6096; 0.3196; 0.4674; 0.9897; 0.6646; 0.2075; 0.5584; 0.5563; 0.3089; 0.7985; 0.8573;  Output: 0.9783; 0.0185; 0.0089; Desired output: 1; 0; 0;  Error: -0.0217; 0.0185; 0.0089; 
Input: 0.5816; 0.3656; 0.8075; 0.5361; 0.5217; 0.6276; 0.4958; 0.4906; 0.4448; 0.2594; 0.4553; 0.6081; 0.326;  Output: 0.6297; 0.3001; 0.0188; Desired output: 1; 0; 0;  Error: -0.3703; 0.3001; 0.0188; 
Total Mean Square Error: 0.0077378575211942795

ensaio 7:
Iterações -> 115

Input: 0.8421; 0.1917; 0.5722; 0.2577; 0.6196; 0.6276; 0.5738; 0.283; 0.5931; 0.372; 0.4553; 0.9707; 0.5613;  Output: 0.9538; 0.0396; 0.0337; Desired output: 1; 0; 0;  Error: -0.0462; 0.0396; 0.0337; 
Input: 0.5711; 0.2055; 0.4171; 0.0309; 0.3261; 0.5759; 0.5105; 0.2453; 0.2744; 0.2645; 0.4634; 0.7802; 0.5506;  Output: 0.931; 0.0607; 0.0334; Desired output: 1; 0; 0;  Error: -0.069; 0.0607; 0.0334; 
Input: 0.5605; 0.3202; 0.7005; 0.4124; 0.337; 0.6276; 0.6118; 0.3208; 0.7571; 0.3754; 0.4472; 0.696; 0.6469;  Output: 0.9484; 0.0442; 0.0339; Desired output: 1; 0; 0;  Error: -0.0516; 0.0442; 0.0339; 
Input: 0.8789; 0.2391; 0.6096; 0.3196; 0.4674; 0.9897; 0.6646; 0.2075; 0.5584; 0.5563; 0.3089; 0.7985; 0.8573;  Output: 0.9585; 0.0348; 0.0341; Desired output: 1; 0; 0;  Error: -0.0415; 0.0348; 0.0341; 
Input: 0.5816; 0.3656; 0.8075; 0.5361; 0.5217; 0.6276; 0.4958; 0.4906; 0.4448; 0.2594; 0.4553; 0.6081; 0.326;  Output: 0.8222; 0.1514; 0.0354; Desired output: 1; 0; 0;  Error: -0.1778; 0.1514; 0.0354; 
Total Mean Square Error: 0.008453277728179588

ensaio 8:
Iterações -> 104

Input: 0.7974; 0.1759; 0.492; 0.2784; 0.6087; 0.6966; 0.597; 0.2075; 0.5331; 0.3729; 0.4959; 0.8938; 0.3581;  Output: 0.9563; 0.0582; 0.0161; Desired output: 1; 0; 0;  Error: -0.0437; 0.0582; 0.0161; 
Input: 0.3921; 0.334; 0.4332; 0.5361; 0.1957; 0.5414; 0.4072; 0.2453; 0.2555; 0.0614; 0.3415; 0.5531; 0.0335;  Output: 0.031; 0.9559; 0.0301; Desired output: 0; 1; 0;  Error: 0.031; -0.0441; 0.0301; 
Input: 0.3658; 0.1719; 0.4439; 0.6134; 0.413; 0.3517; 0.3692; 0.3962; 0.3785; 0.0666; 0.4715; 0.619; 0.0478;  Output: 0.0224; 0.9741; 0.0249; Desired output: 0; 1; 0;  Error: 0.0224; -0.0259; 0.0249; 
Input: 0.5368; 0.1502; 0.3957; 0.2526; 0.3043; 0.4897; 0.4852; 0.283; 0.3028; 0.2065; 0.5691; 0.5201; 0.5292;  Output: 0.7338; 0.2875; 0.0198; Desired output: 1; 0; 0;  Error: -0.2662; 0.2875; 0.0198; 
Input: 0.1605; 0.2609; 0.5882; 0.567; 0.1522; 0.3345; 0.2848; 0.6604; 0.2965; 0.1297; 0.4228; 0.5421; 0.2867;  Output: 0.0213; 0.9523; 0.045; Desired output: 0; 1; 0;  Error: 0.0213; -0.0477; 0.045;
Total Mean Square Error: 0.019675372518803767

ensaio 9:
Iterações -> 149

Input: 0.2763; 0.2154; 0.5134; 0.4072; 0.1196; 0.2138; 0.2447; 0.7358; 0.388; 0.0956; 0.4878; 0.3663; 0.1441;  Output: 0.0064; 0.9765; 0.0475; Desired output: 0; 1; 0;  Error: 0.0064; -0.0235; 0.0475; 
Input: 0.7184; 0.1561; 0.7166; 0.4588; 0.6739; 0.6793; 0.5063; 0.6981; 0.2965; 0.3515; 0.626; 0.6337; 0.6826;  Output: 0.9479; 0.0298; 0.0314; Desired output: 1; 0; 0;  Error: -0.0521; 0.0298; 0.0314; 
Input: 0.5316; 1; 0.4118; 0.5619; 0.1739; 0.5655; 0.4873; 0.3208; 0.5047; 0.1126; 0.2033; 0.6703; 0.0728;  Output: 0.1294; 0.67; 0.0685; Desired output: 0; 1; 0;  Error: 0.1294; -0.33; 0.0685; 
Input: 0.3132; 0.1087; 0.3102; 0.433; 0.2391; 0.4759; 0.3586; 0.4906; 0.5268; 0.1212; 0.3089; 0.641; 0.0243;  Output: 0.02; 0.9759; 0.0141; Desired output: 0; 1; 0;  Error: 0.02; -0.0241; 0.0141; 
Input: 0.5605; 0.5593; 0.4225; 0.5361; 0.3478; 0.1793; 0.0443; 0.566; 0.2808; 0.2321; 0.0976; 0.1502; 0.3937;  Output: 0.0988; 0.025; 0.903; Desired output: 0; 0; 1;  Error: 0.0988; 0.025; -0.097; 
Total Mean Square Error: 0.025143744810871754

ensaio 10:
Iterações -> 212~213

Input: 0.6658; 0.1957; 0.5882; 0.5103; 0.5; 0.6828; 0.5148; 0.1321; 0.6435; 0.4241; 0.4065; 0.6447; 0.6006;  Output: 0.9425; 0.0207; 0.0675; Desired output: 1; 0; 0;  Error: -0.0575; 0.0207; 0.0675; 
Input: 0.3526; 0.0929; 0.6417; 0.3866; 0.3043; 0.4966; 0.4873; 0.4528; 0.5268; 0.2833; 0.5772; 0.3773; 0.2853;  Output: 0.1413; 0.8454; 0.0089; Desired output: 0; 1; 0;  Error: 0.1413; -0.1546; 0.0089; 
Input: 0.3211; 0.7866; 0.631; 0.5361; 0.2065; 0.1379; 0.0274; 0.7547; 0.123; 0.2193; 0.2195; 0; 0.3153;  Output: 0.0434; 0.2096; 0.7963; Desired output: 0; 0; 1;  Error: 0.0434; 0.2096; -0.2037; 
Input: 0.3079; 0.4526; 0.5134; 0.433; 0.2826; 0.0931; 0.0316; 0.5094; 0.1009; 0.3601; 0.1463; 0.2051; 0.1655;  Output: 0.0209; 0.5283; 0.5983; Desired output: 0; 0; 1;  Error: 0.0209; 0.5283; -0.4017; 
Input: 0.3211; 0.6206; 0.4492; 0.4072; 0.4565; 0.1379; 0.0928; 0.3019; 0.2303; 0.5913; 0.1382; 0.2674; 0.4116;  Output: 0.1941; 0.0419; 0.8549; Desired output: 0; 0; 1;  Error: 0.1941; 0.0419; -0.1451; 
Total Mean Square Error: 0.02706526690459467

ensaio 11:
Iterações -> 214~216

Input: 0.4079; 0.1087; 0.3957; 0.4845; 0.3587; 0.1724; 0.0506; 0.7547; 0.3123; 0.5392; 0.0813; 0.1026; 0.2582;  Output: 0.0429; 0.2733; 0.6748; Desired output: 0; 0; 1;  Error: 0.0429; 0.2733; -0.3252; 
Input: 0.7368; 0.164; 0.6738; 0.4845; 0.4891; 0.6793; 0.6456; 0.5094; 0.4132; 0.4539; 0.5285; 0.4762; 0.6077;  Output: 0.8377; 0.0518; 0.1243; Desired output: 1; 0; 0;  Error: -0.1623; 0.0518; 0.1243; 
Input: 0.6079; 0.0395; 0.5348; 0.3299; 0.4348; 0.5345; 0.2025; 0.7925; 0.0032; 0.1613; 0.439; 0.2418; 0.3367;  Output: 0.0367; 0.7276; 0.2122; Desired output: 0; 1; 0;  Error: 0.0367; -0.2724; 0.2122; 
Input: 0.7158; 0.1957; 0.5615; 0.2784; 0.2065; 0.5586; 0.5105; 0.3019; 0.4416; 0.3686; 0.5447; 0.5971; 0.7432;  Output: 0.9439; 0.0301; 0.0762; Desired output: 1; 0; 0;  Error: -0.0561; 0.0301; 0.0762; 
Input: 0.6868; 0.4664; 0.6417; 0.2371; 0.5; 0.5931; 0.5675; 0.0755; 0.3943; 0.3259; 0.3902; 0.7656; 0.4044;  Output: 0.9278; 0.0241; 0.1275; Desired output: 1; 0; 0;  Error: -0.0722; 0.0241; 0.1275; 
Total Mean Square Error: 0.04154945897311382

teste: (5% treino, 95% teste)
Iterações -> 425

Input: 0.3079; 0.4526; 0.5134; 0.433; 0.2826; 0.0931; 0.0316; 0.5094; 0.1009; 0.3601; 0.1463; 0.2051; 0.1655;  Output: 0.0294; 0.2749; 0.7801; Desired output: 0; 0; 1;  Error: 0.0294; 0.2749; -0.2199; 
Input: 0.4447; 0.2115; 0.4492; 0.4227; 0.1739; 0.4207; 0.462; 0.2453; 0.429; 0.2235; 0.5528; 0.685; 0.311;  Output: 0.2278; 0.789; 0.0304; Desired output: 0; 1; 0;  Error: 0.2278; -0.211; 0.0304; 
Input: 0.6132; 0.3597; 0.5294; 0.4845; 0.2065; 0.1448; 0.0338; 0.4528; 0.0726; 0.3686; 0.1789; 0.4396; 0.3581;  Output: 0.0536; 0.2522; 0.6802; Desired output: 0; 0; 1;  Error: 0.0536; 0.2522; -0.3198; 
Input: 0.8342; 0.2016; 0.5829; 0.2371; 0.4565; 0.7897; 0.6435; 0.3962; 0.4921; 0.4667; 0.4634; 0.5788; 0.8359;  Output: 0.8438; 0.0868; 0.0965; Desired output: 1; 0; 0;  Error: -0.1562; 0.0868; 0.0965; 
Input: 0.2974; 0.1719; 0.508; 0.6289; 0.2174; 0.2759; 0.2848; 0.566; 0.3628; 0.0998; 0.6911; 0.3626; 0.1548;  Output: 0.0338; 0.7592; 0.2294; Desired output: 0; 1; 0;  Error: 0.0338; -0.2408; 0.2294; 
Total Mean Square Error: 0.06324389361893629



